       1       0       8e-06
       2    1000    0.003284
       3      36    0.000131
       4    1000    0.004393
       5    1000    0.004372
       6      21     0.00011
       7      32    0.000183
       8      31    0.000199
       9      34    0.000274
      10      38    0.000346
      11      45      0.0004
      12      49    0.000467
      13      54    0.000636
      14      58    0.000741
      15      62    0.000809
      16      68    0.000856
      17      74    0.001287
      18      79    0.001972
      19      84    0.001447
      20      88     0.00163
      21      93    0.001849
      22      96    0.002172
      23     103    0.002667
      24     108    0.002396
      25     113     0.00399
      26     118    0.003232
      27     122     0.00357
      28     127    0.003588
      29     133    0.005339
      30     138    0.004442
      31     139    0.004688
      32     148    0.005301
      33     156    0.005788
      34     157    0.006129
      35     171    0.007005
      36     178    0.007667
      37     183     0.00895
      38     191    0.009339
      39     198    0.010829
      40     205    0.013829
      41     210    0.014081
      42     214    0.015296
      43     221    0.013064
      44     227    0.013732
      45     234    0.014731
      46     238    0.015601
      47     244    0.016536
      48     253    0.017799
      49     261    0.019429
      50     268     0.02026
      51     274    0.027392
      52     284    0.025541
      53     291    0.024474
      54     299    0.028049
      55     303    0.027839
      56     311    0.029295
      57     320     0.03106
      58     327    0.033874
      59     334    0.035072
      60     343    0.037454
      61     349    0.039318
      62     357    0.041527
      63     365    0.042388
      64     372    0.049242
      65     379    0.045987
      66     387    0.048232
      67     387    0.055844
      68     394     0.05317
      69     402    0.054384
      70     409     0.05673
      71     415    0.059261
      72     421    0.067705
      73     430    0.064866
      74     437    0.069781
      75     444    0.069925
      76     453    0.073075
      77     460     0.07644
      78     468    0.079375
      79     476    0.082986
      80     482    0.091101
      81     489    0.088943
      82     498    0.100616
      83     505    0.102399
      84     515    0.106893
      85     521    0.112718
      86     519    0.112198
      87     525    0.119021
      88     533    0.114013
      89     542    0.121936
      90     548    0.121469
      91     555    0.130354
      92     564    0.130373
      93     571    0.141415
      94     577    0.146729
      95     587    0.158993
      96     598    0.164991
      97     604    0.171738
      98     611    0.166629
      99     625    0.175476
     100     632    0.172507
