       1       0       7e-06
       2       0       4e-06
       3       2     1.7e-05
       4       2     1.8e-05
       5       4     4.6e-05
       6       5       8e-05
       7       8    0.000184
       8       9    0.000319
       9      12    0.000607
      10      13     0.00112
      11      15    0.001281
      12      16    0.001956
      13      18    0.002027
      14      19    0.003275
      15      21    0.005347
      16      21    0.005812
      17      23    0.011711
      18      24    0.012282
      19      26    0.026101
      20      27    0.021558
      21      29    0.031026
      22      30    0.038351
      23      31    0.044879
      24      32    0.055902
      25      34    0.057335
      26      35    0.069077
      27      37    0.105414
      28      38    0.101262
      29      40    0.117728
      30      40      0.1503
      31      42    0.189876
      32      43    0.254237
      33      45    0.315786
      34      46    0.327397
      35      48    0.411076
      36      49    0.466573
      37      50    0.538867
      38      51    0.541852
      39      53    0.614742
      40      54    0.773861
      41      56     0.80586
      42      57    0.758966
      43      58    0.901214
      44      59     1.02039
      45      61     1.22688
      46      62     1.43918
      47      64     1.65845
      48      65     1.71476
      49      66     2.02179
      50      67     2.16335
      51      69     2.57316
      52      70     2.90762
      53      72     3.26339
      54      73     3.54219
      55      74     3.90226
      56      75     4.10448
      57      77      3.1526
      58      78     3.39896
      59      80     3.74518
      60      81     4.01402
      61      82     4.35957
      62      83     4.69568
      63      85     5.12162
      64      86     5.52412
      65      87     5.97916
      66      89      6.4612
      67      90     6.95914
      68      91     7.46326
      69      93     8.07119
      70      94     8.64564
      71      95     9.27416
      72      97     9.96186
      73      98     10.6735
      74      99     11.3834
      75     101     12.2337
      76     102     13.0859
      77     103     13.8714
      78     104     16.0094
      79     106     20.7696
      80     107     25.1072
      81     109     22.8842
      82     110      19.123
      83     111     20.2167
      84     112     23.6627
      85     114     30.8533
      86     115      32.913
      87     116     30.6089
      88     117     27.9295
      89     119     28.6029
      90     120      30.696
      91     122     34.7908
      92     123     36.4837
      93     124     36.8587
      94     125     39.7614
      95     127     40.6611
      96     128     44.9214
      97     129       58.89
      98     130     52.7095
      99     132     50.8317
     100     133     52.6898
