       1       0     1.2e-05
       2    1000    0.004781
       3      36    0.000165
       4    1000    0.005273
       5    1000    0.004488
       6      21    0.000109
       7      32    0.000181
       8      31    0.000199
       9      34    0.000237
      10      38    0.000304
      11      45    0.000395
      12      49    0.000494
      13      54    0.000559
      14      58    0.000665
      15      62    0.000773
      16      68    0.000978
      17      74    0.001097
      18      79      0.0024
      19      84    0.002521
      20      88    0.002463
      21      93    0.001847
      22      96    0.002049
      23     103    0.002733
      24     108    0.002494
      25     113    0.004172
      26     118    0.003227
      27     122    0.003512
      28     127    0.003581
      29     133     0.00547
      30     138    0.004596
      31     139    0.005054
      32     148    0.005293
      33     156    0.005929
      34     157     0.00613
      35     171    0.007062
      36     178    0.007672
      37     183    0.008249
      38     191    0.010404
      39     198    0.010769
      40     205     0.01059
      41     210    0.011231
      42     214    0.011924
      43     221    0.012827
      44     227    0.013732
      45     234    0.014797
      46     238    0.015581
      47     244    0.016588
      48     253    0.017778
      49     261    0.019005
      50     268    0.020257
      51     274    0.021407
      52     284    0.023042
      53     291    0.024366
      54     299    0.025922
      55     303    0.027074
      56     311    0.028841
      57     320    0.030499
      58     327     0.03231
      59     334    0.033855
      60     343    0.036383
      61     349    0.046763
      62     357    0.040527
      63     365    0.048087
      64     372    0.043824
      65     379    0.048979
      66     387    0.048324
      67     387    0.049957
      68     394    0.051903
      69     402    0.054481
      70     409    0.056879
      71     415    0.065278
      72     421    0.061564
      73     430    0.066668
      74     437    0.067269
      75     444    0.070854
      76     453    0.073386
      77     460    0.081719
      78     468    0.079567
      79     476    0.082723
      80     482    0.085599
      81     489    0.091383
      82     498    0.092617
      83     505     0.09618
      84     515    0.100382
      85     521    0.103794
      86     519    0.105697
      87     525    0.109478
      88     533    0.113349
      89     542    0.117515
      90     548    0.122106
      91     555    0.134873
      92     564    0.136726
      93     571    0.135885
      94     577    0.149479
      95     587    0.144913
      96     598    0.150674
      97     604    0.184718
      98     611    0.176284
      99     625    0.175757
     100     632    0.184527
