       1       0       9e-06
       2       0       9e-06
       3       1     1.6e-05
       4       1     1.6e-05
       5       2       4e-05
       6       2     4.2e-05
       7       3     5.9e-05
       8       3     7.2e-05
       9       4     9.1e-05
      10       4    0.000102
      11       5    0.000132
      12       5    0.000151
      13       6    0.000181
      14       6    0.000202
      15       7    0.000244
      16       7    0.000266
      17       8    0.000332
      18       8    0.000372
      19       9    0.000356
      20       9    0.000388
      21      10    0.000442
      22      10     0.00048
      23      11    0.000502
      24      11    0.000662
      25      12    0.000579
      26      12    0.000581
      27      13    0.000623
      28      13    0.000708
      29      14    0.001179
      30      14    0.000549
      31      15    0.000614
      32      15     0.00065
      33      16     0.00072
      34      16    0.000738
      35      17    0.000852
      36      17    0.001102
      37      18    0.001549
      38      18    0.001551
      39      19    0.001737
      40      19    0.001298
      41      20    0.001244
      42      20    0.001443
      43      21    0.002375
      44      21    0.002298
      45      22    0.002207
      46      22    0.001723
      47      23    0.002049
      48      23    0.001958
      49      24    0.002306
      50      24    0.003414
      51      25    0.002258
      52      25    0.002254
      53      26    0.002329
      54      26    0.002411
      55      27    0.002553
      56      27    0.002699
      57      28    0.002837
      58      28     0.00315
      59      29    0.003106
      60      29    0.003184
      61      30    0.003389
      62      30     0.00349
      63      31    0.003709
      64      31    0.003814
      65      32     0.00405
      66      32    0.004193
      67      33    0.004426
      68      33    0.004525
      69      34    0.005133
      70      34     0.00546
      71      35    0.005219
      72      35    0.006231
      73      36    0.005645
      74      36    0.005763
      75      37     0.00618
      76      37    0.006233
      77      38    0.006561
      78      38    0.006873
      79      39    0.007028
      80      39    0.007196
      81      40    0.007544
      82      40    0.007746
      83      41    0.008109
      84      41    0.014729
      85      42    0.012113
      86      42    0.008845
      87      43    0.009246
      88      43    0.009469
      89      44    0.009954
      90      44     0.01024
      91      45    0.010522
      92      45     0.01159
      93      46    0.012952
      94      46    0.011508
      95      47    0.011961
      96      47     0.01223
      97      48    0.012734
      98      48    0.012951
      99      49    0.013469
     100      49    0.013727
