       1       0       1e-05
       2    1000    0.004473
       3    1000    0.003495
       4    1000    0.004072
       5    1000    0.006028
       6    1000    0.004733
       7    1000    0.005443
       8    1000    0.006024
       9    1000    0.006156
      10    1000    0.008225
      11    1000    0.008256
      12    1000    0.011703
      13    1000    0.012603
      14    1000    0.010467
      15    1000    0.012021
      16    1000     0.01325
      17    1000    0.014697
      18    1000    0.019679
      19    1000     0.01586
      20    1000    0.016715
      21    1000     0.01799
      22    1000    0.019168
      23    1000     0.02051
      24    1000    0.022507
      25    1000      0.0288
      26    1000    0.024706
      27    1000    0.026253
      28    1000    0.028208
      29    1000    0.029434
      30    1000     0.03121
      31    1000    0.033205
      32    1000    0.043987
      33    1000    0.036843
      34    1000    0.040038
      35    1000    0.040723
      36    1000    0.042614
      37    1000    0.044866
      38    1000    0.046787
      39    1000     0.04911
      40    1000    0.056322
      41    1000    0.053166
      42    1000    0.055582
      43    1000    0.057702
      44    1000    0.062223
      45    1000    0.068446
      46    1000    0.068775
      47    1000    0.073522
      48    1000    0.074128
      49    1000    0.072497
      50    1000    0.075158
      51    1000    0.077939
      52    1000    0.091331
      53    1000    0.083977
      54    1000    0.086871
      55    1000    0.090194
      56    1000    0.091956
      57    1000     0.10702
      58    1000    0.098159
      59    1000    0.108503
      60    1000    0.104326
      61    1000    0.111142
      62    1000     0.11184
      63    1000    0.115433
      64    1000    0.124826
      65    1000    0.126372
      66    1000     0.12717
      67    1000    0.129198
      68    1000    0.136719
      69    1000     0.13896
      70    1000    0.144607
      71    1000    0.143325
      72    1000    0.147055
      73    1000     0.16145
      74    1000    0.153331
      75    1000    0.163772
      76    1000    0.168778
      77    1000    0.165219
      78    1000    0.169207
      79    1000    0.173145
      80    1000    0.177701
      81    1000    0.181654
      82    1000    0.197412
      83    1000    0.189762
      84    1000    0.194151
      85    1000     0.21483
      86    1000    0.226367
      87    1000     0.20921
      88    1000    0.226579
      89    1000    0.216271
      90    1000    0.221438
      91    1000    0.225927
      92    1000    0.230263
      93    1000    0.235122
      94    1000    0.248732
      95    1000    0.250867
      96    1000    0.249539
      97    1000    0.254503
      98    1000    0.265517
      99    1000    0.291656
     100    1000    0.276987
