       1       0       1e-05
       2    1000    0.003386
       3    1000    0.003628
       4    1000    0.004232
       5    1000    0.004211
       6    1000    0.005719
       7    1000    0.005093
       8    1000    0.009809
       9    1000    0.007042
      10    1000     0.00875
      11      61    0.000527
      12    1000    0.008807
      13    1000    0.009466
      14    1000    0.011681
      15    1000    0.017556
      16     100    0.002214
      17     132    0.002805
      18     107    0.002366
      19    1000     0.01724
      20     117     0.00198
      21     128    0.002326
      22     146      0.0029
      23     138    0.002865
      24     145      0.0032
      25    1000     0.02529
      26    1000    0.028395
      27    1000    0.027246
      28    1000    0.028036
      29    1000    0.029524
      30    1000    0.033276
      31    1000     0.03775
      32    1000    0.034926
      33    1000     0.04453
      34    1000    0.043976
      35    1000    0.047059
      36    1000    0.042747
      37    1000    0.049158
      38    1000    0.049542
      39    1000    0.048796
      40    1000    0.051127
      41    1000    0.053107
      42    1000    0.055765
      43    1000    0.057862
      44    1000     0.07543
      45    1000    0.062403
      46    1000      0.0665
      47    1000    0.077984
      48    1000    0.073824
      49    1000    0.072496
      50    1000    0.074999
      51    1000    0.077809
      52    1000    0.088435
      53    1000    0.083243
      54    1000    0.086227
      55    1000    0.089108
      56    1000      0.0918
      57    1000    0.096064
      58    1000    0.101389
      59    1000     0.10833
      60    1000     0.10431
      61    1000    0.113726
      62    1000    0.112483
      63    1000    0.114304
      64    1000     0.11766
      65    1000    0.120781
      66    1000     0.13024
      67    1000    0.142218
      68    1000     0.13706
      69    1000    0.138056
      70    1000    0.147273
      71    1000    0.149318
      72    1000    0.156088
      73    1000    0.157503
      74    1000    0.154221
      75    1000    0.162057
      76    1000    0.166345
      77    1000    0.166112
      78    1000    0.175465
      79    1000    0.182965
      80    1000    0.178206
      81    1000    0.185158
      82    1000    0.187245
      83    1000    0.207245
      84    1000    0.194565
      85    1000    0.199037
      86    1000    0.218959
      87    1000    0.219602
      88    1000    0.219708
      89    1000    0.222944
      90    1000    0.228762
      91    1000    0.241167
      92    1000    0.246681
      93    1000    0.249269
      94    1000    0.247602
      95    1000    0.244908
      96    1000    0.250673
      97    1000     0.28054
      98    1000    0.267082
      99    1000    0.293663
     100    1000    0.287382
