       1       0     1.5e-05
       2    1000    0.005092
       3    1000    0.005211
       4    1000    0.004163
       5    1000    0.004992
       6    1000    0.004882
       7    1000    0.006319
       8    1000    0.005981
       9    1000    0.007427
      10    1000     0.00717
      11    1000    0.008294
      12    1000    0.008662
      13    1000    0.009589
      14    1000    0.010538
      15    1000    0.011853
      16    1000     0.01289
      17    1000    0.014445
      18    1000    0.015893
      19    1000    0.020598
      20    1000    0.016867
      21    1000    0.018053
      22    1000    0.019371
      23    1000    0.020824
      24    1000    0.029795
      25    1000    0.024153
      26    1000    0.024854
      27    1000    0.026669
      28    1000    0.027944
      29    1000    0.029632
      30    1000    0.031309
      31    1000    0.033514
      32    1000    0.035223
      33    1000    0.036953
      34    1000    0.038843
      35    1000     0.04077
      36    1000    0.049006
      37    1000    0.044838
      38    1000    0.046934
      39    1000    0.070945
      40    1000    0.052115
      41    1000    0.053268
      42    1000    0.057617
      43    1000    0.063306
      44    1000    0.062192
      45    1000    0.066054
      46    1000    0.067483
      47    1000    0.078478
      48    1000     0.07271
      49    1000    0.077617
      50    1000    0.076671
      51    1000    0.079654
      52    1000    0.089741
      53    1000    0.085528
      54    1000     0.08977
      55    1000    0.093152
      56    1000    0.104028
      57    1000    0.098198
      58    1000     0.12799
      59    1000     0.17338
      60    1000    0.141412
      61    1000    0.125183
      62    1000    0.129909
      63    1000    0.131493
      64    1000     0.13115
      65    1000    0.144043
      66    1000    0.146662
      67    1000    0.139265
      68    1000    0.131849
      69    1000    0.138975
      70    1000    0.146935
      71    1000    0.148975
      72    1000    0.148427
      73    1000    0.157536
      74    1000    0.162226
      75    1000     0.16487
      76    1000    0.171106
      77    1000    0.176205
      78    1000     0.17705
      79    1000    0.179582
      80    1000    0.185912
      81    1000    0.208576
      82    1000    0.188015
      83    1000     0.19637
      84    1000    0.200751
      85    1000    0.225612
      86    1000    0.206425
      87    1000    0.226499
      88    1000    0.240176
      89    1000    0.248763
      90    1000    0.248666
      91    1000    0.238751
      92    1000     0.27898
      93    1000    0.287827
      94    1000    0.275888
      95    1000    0.263611
      96    1000    0.265444
      97    1000    0.262127
      98    1000    0.377908
      99    1000    0.313249
     100    1000    0.323367
