       1       0       5e-06
       2       0       5e-06
       3       2     1.3e-05
       4       2       2e-05
       5       4    0.000106
       6       5     7.6e-05
       7       8    0.000158
       8       9    0.000329
       9      12    0.000467
      10      13    0.000892
      11      15    0.001118
      12      16     0.00156
      13      18     0.00219
      14      19    0.002745
      15      21    0.004257
      16      21     0.00515
      17      23    0.006386
      18      24    0.009821
      19      26    0.008825
      20      27    0.009172
      21      29    0.011736
      22      30    0.014017
      23      31    0.018298
      24      32    0.020828
      25      34    0.023904
      26      35     0.02814
      27      37    0.034412
      28      38    0.040765
      29      40    0.048801
      30      40    0.056094
      31      42    0.068752
      32      43    0.083528
      33      45    0.099759
      34      46     0.11499
      35      48    0.128293
      36      49    0.143496
      37      50    0.164005
      38      51    0.194696
      39      53    0.214736
      40      54    0.238413
      41      56    0.261562
      42      57    0.298406
      43      58     0.32931
      44      59    0.362517
      45      61    0.449897
      46      62    0.511209
      47      64    0.579536
      48      65    0.736865
      49      66    0.752525
      50      67    0.825754
      51      69    0.906478
      52      70    0.955476
      53      72     1.14886
      54      73     1.15756
      55      74     1.43128
      56      75     1.35613
      57      77     1.47694
      58      78     1.69551
      59      80     1.90779
      60      81     1.88113
      61      82     2.16437
      62      83     2.42959
      63      85     2.76046
      64      86     2.93041
      65      87      3.1566
      66      89     3.48773
      67      90     3.81326
      68      91     4.04249
      69      93     3.99449
      70      94     4.08737
      71      95     4.18792
      72      97     4.18005
      73      98     4.42685
      74      99     4.70194
      75     101     5.05962
      76     102     5.38211
      77     103      5.8921
      78     104     6.92363
      79     106     8.39345
      80     107     9.42839
      81     109       10.45
      82     110     10.8111
      83     111     11.5106
      84     112     8.77566
      85     114     9.34943
      86     115     9.87028
      87     116     10.4272
      88     117     10.9874
      89     119     11.7105
      90     120     13.0464
      91     122     16.1812
      92     123     17.9165
      93     124     18.9542
      94     125     15.2205
      95     127      16.131
      96     128     16.9296
      97     129     17.8235
      98     130     18.6889
      99     132     19.7609
     100     133     20.7109
