       1       0       7e-06
       2       0       7e-06
       3       1     1.5e-05
       4       1     1.5e-05
       5       2       4e-05
       6       2     4.2e-05
       7       3       6e-05
       8       3     6.6e-05
       9       4       9e-05
      10       4    0.000101
      11       5     0.00013
      12       5    0.000141
      13       6    0.000176
      14       6    0.000191
      15       7    0.000236
      16       7    0.000253
      17       8    0.000305
      18       8    0.000332
      19       9    0.000383
      20       9    0.000475
      21      10    0.000382
      22      10    0.000406
      23      11    0.000471
      24      11    0.000496
      25      12    0.000724
      26      12    0.000503
      27      13    0.000516
      28      13    0.000553
      29      14     0.00067
      30      14    0.000694
      31      15    0.000511
      32      15    0.000737
      33      16    0.000833
      34      16    0.000623
      35      17    0.000758
      36      17    0.000788
      37      18    0.000791
      38      18    0.000886
      39      19     0.00091
      40      19    0.001494
      41      20    0.001597
      42      20    0.001591
      43      21    0.001224
      44      21    0.001494
      45      22    0.001752
      46      22     0.00183
      47      23    0.002463
      48      23    0.001501
      49      24    0.002014
      50      24    0.002379
      51      25    0.001786
      52      25    0.002065
      53      26    0.001837
      54      26    0.001855
      55      27     0.00198
      56      27    0.002042
      57      28    0.003908
      58      28    0.002648
      59      29    0.002509
      60      29    0.002484
      61      30    0.002601
      62      30    0.002971
      63      31    0.002923
      64      31    0.002987
      65      32     0.00308
      66      32    0.003247
      67      33    0.003369
      68      33    0.003432
      69      34    0.003627
      70      34    0.003743
      71      35    0.003918
      72      35    0.004982
      73      36     0.00511
      74      36    0.004647
      75      37    0.004863
      76      37    0.005556
      77      38    0.004901
      78      38    0.005054
      79      39    0.005266
      80      39    0.005404
      81      40     0.00561
      82      40    0.005732
      83      41    0.006022
      84      41    0.006147
      85      42    0.006424
      86      42    0.006577
      87      43    0.006824
      88      43    0.007014
      89      44    0.007293
      90      44    0.007433
      91      45    0.007694
      92      45    0.007872
      93      46    0.010566
      94      46    0.010986
      95      47    0.014418
      96      47    0.009488
      97      48    0.009414
      98      48    0.009387
      99      49    0.009784
     100      49    0.011925
