       1       0       1e-05
       2    1000    0.006057
       3    1000    0.004898
       4    1000    0.005554
       5    1000    0.011026
       6      30     0.00017
       7    1000    0.007814
       8      49    0.000306
       9      38    0.000262
      10      43    0.000347
      11      47     0.00071
      12      55    0.000487
      13      58    0.000567
      14      64    0.000687
      15      70    0.000817
      16      74    0.000936
      17      81    0.001132
      18      87     0.00131
      19      93    0.001577
      20      98    0.002406
      21     102    0.002351
      22     109    0.002118
      23     115    0.002961
      24     120    0.005567
      25     126    0.005151
      26     128     0.00377
      27     133    0.003604
      28     137    0.003921
      29     145    0.004325
      30     154    0.004853
      31     169    0.010556
      32     177    0.008428
      33     183    0.010317
      34     191    0.007552
      35     211    0.009548
      36     221     0.00955
      37     223    0.010412
      38     233    0.011076
      39     242    0.012022
      40     252    0.015708
      41     276    0.018525
      42     289    0.022056
      43     299    0.017875
      44     309    0.030352
      45     312     0.02668
      46     324    0.027552
      47    1000    0.089204
      48    1000    0.114136
      49    1000    0.097177
      50    1000    0.112874
      51    1000    0.094777
      52    1000    0.122259
      53    1000    0.126347
      54    1000    0.106025
      55    1000    0.132085
      56    1000    0.146778
      57    1000    0.153124
      58    1000     0.13786
      59    1000    0.128883
      60    1000    0.152493
      61    1000    0.163312
      62    1000     0.15227
      63    1000    0.128619
      64    1000    0.146554
      65    1000    0.175031
      66    1000    0.149708
      67    1000    0.167593
      68    1000    0.193666
      69    1000    0.176697
      70    1000    0.192777
      71    1000    0.217449
      72    1000    0.233768
      73    1000    0.200012
      74    1000    0.242789
      75    1000    0.234703
      76    1000    0.233037
      77    1000    0.220501
      78    1000    0.227039
      79    1000    0.222267
      80    1000    0.245053
      81    1000    0.256209
      82    1000    0.274588
      83    1000    0.236359
      84    1000    0.259147
      85    1000      0.3193
      86    1000     0.28932
      87    1000    0.299861
      88    1000    0.291946
      89    1000    0.312194
      90    1000    0.323583
      91    1000    0.338566
      92    1000    0.353756
      93    1000    0.345023
      94    1000    0.345856
      95    1000    0.299364
      96    1000    0.338264
      97    1000     0.38684
      98    1000    0.363706
      99    1000    0.362637
     100    1000    0.417997
